2670656032459719233,
2891315681645586954,
4505188834541572,
582094694981304320,
5188446662528073728,
5476659758951833600,
6918093096971688194,
563096120984576,
18119990850917380,
18023229100673088,
576759823794708736,
36068396625829888,
9965397868544,
9223374240514839812,
36734143124473090,
23645564508325392,
291610412402607616,
4505835431592136,
2328501779207328257,
4902590578690113540,
598460753510536,
9301129542138634248,
9224499128112910336,
281486805173504,
2332972359193216000,
658125913573296136,
114349477740616,
1134704656978960,
180707005948776448,
4508684885460995,
9223533118596712448,
865818729185837440,
1157471421976316928,
1155340469960443400,
106824429732480,
10160125161842671872,
18015502316376128,
3467780511315837128,
76562456385749632,
9514421561491260048,
2559697529946114,
81636612491969792,
9278260208161542144,
9296566535915045376,
15904994243379712,
8215137535106482336,
73342115827941440,
1732199222897410080,
5633108415096832,
4621001639552225296,
45054277870157904,
2260905690139656,
72198957014586500,
2882339633118220288,
604643580409151488,
9016549402771488,
563505213735936,
9304439037794321152,
9223460000478007296,
10746070016,
2453617385946534144,
4954050875412185600,
40547859336069376,
74311661598670976,
