36029072039489824
5782624189288546370
144150443348476040
4683778865573660676
144119895662026896
720580411708801032
216211265088365056
4755801546350985732
9799973544901223808
2324068515031552000
140806277038208
162411130282115104
3754594787358408710
140823387832448
1189513286240960772
281477196611602
44530225123969
1157427578673315840
621497849179283536
11601292431886172168
37155246891337728
397583954963595776
576465150637377552
4613940017272865028
2900318510066468896
2305878194659577856
18150536118304
1153361313555028225
19703274141651112
653094515883901056
6751691217168
369311670709030980
1154117780077806240
1373741647501729792
900794829720523008
1225559651530057728
9224075758664680448
99219972248568832
18316253173125128
4908924366961508417
1873567815880966145
616219780227153920
2331102106812432
2533343512035336
2823546145406981
1750211442500567044
5637231283011718
4906127683962929156
5116165043808895232
9153435374985472
1450194285995507968
288802132936622976
9574547388924032
1243556516444242432
4612248973347127808
9232471631597732352
10204586778300706
9809403019975098658
1198133973571207186
2359921408581042433
9548194504113408002
3891391638924298257
9144254366212
288321645490470946
